Patient_code,HeartDiseaseorAttack,HighBP,HighChol,CholCheck,BMI,Smoker,Stroke,Diabetes,PhysActivity,Fruits,Veggies,HvyAlcoholConsump,AnyHealthcare,NoDocbcCost,GenHlth,MentHlth,PhysHlth,DiffWalk,Sex,Age,Education,Income
61569,0.0,1.0,1.0,1.0,40.0,1.0,0.0,0.0,0.0,0.0,1.0,0.0,1.0,0.0,5.0,18.0,15.0,1.0,0.0,9.0,4.0,3.0
53820,0.0,0.0,0.0,0.0,25.0,1.0,0.0,0.0,1.0,0.0,0.0,0.0,0.0,1.0,3.0,0.0,0.0,0.0,0.0,7.0,6.0,1.0
47137,0.0,1.0,1.0,1.0,28.0,0.0,0.0,0.0,0.0,1.0,0.0,0.0,1.0,1.0,5.0,30.0,30.0,1.0,0.0,9.0,4.0,8.0
87028,0.0,1.0,0.0,1.0,27.0,0.0,0.0,0.0,1.0,1.0,1.0,0.0,1.0,0.0,2.0,0.0,0.0,0.0,0.0,11.0,3.0,6.0
98909,0.0,1.0,1.0,1.0,24.0,0.0,0.0,0.0,1.0,1.0,1.0,0.0,1.0,0.0,2.0,3.0,0.0,0.0,0.0,11.0,5.0,4.0
76116,0.0,1.0,1.0,1.0,25.0,1.0,0.0,0.0,1.0,1.0,1.0,0.0,1.0,0.0,2.0,0.0,2.0,0.0,1.0,10.0,6.0,8.0
74036,0.0,1.0,0.0,1.0,30.0,1.0,0.0,0.0,0.0,0.0,0.0,0.0,1.0,0.0,3.0,0.0,14.0,0.0,0.0,9.0,6.0,7.0
17280,0.0,1.0,1.0,1.0,25.0,1.0,0.0,0.0,1.0,0.0,1.0,0.0,1.0,0.0,3.0,0.0,0.0,1.0,0.0,11.0,4.0,4.0
68961,1.0,1.0,1.0,1.0,30.0,1.0,0.0,2.0,0.0,1.0,1.0,0.0,1.0,0.0,5.0,30.0,30.0,1.0,0.0,9.0,5.0,1.0
60024,0.0,0.0,0.0,1.0,24.0,0.0,0.0,0.0,0.0,0.0,1.0,0.0,1.0,0.0,2.0,0.0,0.0,0.0,1.0,8.0,4.0,3.0
